Positive: 186.12765957446808
Negative: 0.2765957446808511
